% =========================================================================
% EXPORTED REACTOR SIMULATION WORKSPACE VARIABLES
% Generated on: 29-May-2026 11:36:47
% Configuration Target Path: results/variables/result.m
% =========================================================================

% --- CRITICALITY EIGENVALUES [num_modes x 1] ---
keff = [
    2.5685564996;
];

% --- SPATIAL NEUTRON FLUX PROFILE ARRAY [Cells x Groups x Modes] ---
phi = zeros(12, 2, 1);

% --- EIGENMODE OVERLAY: MODE 1 ---
phi(:, 1, 1) = [
    0.00000000e+00;
    1.58384440e-01;
    4.59649548e-01;
    7.15920956e-01;
    9.02113033e-01;
    1.00000000e+00;
    1.00000000e+00;
    9.02113033e-01;
    7.15920956e-01;
    4.59649548e-01;
    1.58384440e-01;
    0.00000000e+00;
];

phi(:, 2, 1) = [
    0.00000000e+00;
    3.79638062e-02;
    1.10175257e-01;
    1.71601985e-01;
    2.16231116e-01;
    2.39694039e-01;
    2.39694039e-01;
    2.16231116e-01;
    1.71601985e-01;
    1.10175257e-01;
    3.79638062e-02;
    0.00000000e+00;
];

