D_lib = [ ... 
    1.4360,  0.3635 ; 
    1.4366,  0.3636 ; 
    1.3200,  0.2772 ; 
    1.4389,  0.3638 ; 
    1.4381,  0.3665 ; 
    1.4385,  0.3665 ; 
    1.4389,  0.3679 ; 
    1.4393,  0.3680 ];

sigma_a_lib = [ ... 
    0.0095042,  0.0750580 ; 
    0.0096785,  0.0784360 ; 
    0.0026562,  0.0715960 ; 
    0.0103630,  0.0914080 ; 
    0.0100030,  0.0848280 ; 
    0.0101320,  0.0873140 ; 
    0.0101650,  0.0880240 ; 
    0.0102940,  0.0905100 ];

nu_sigf_lib = [ ... 
    0.0058708,  0.0960670 ; 
    0.0061908,  0.1035800 ; 
    0.0000000,  0.0000000 ; 
    0.0074527,  0.1323600 ; 
    0.0061908,  0.1035800 ; 
    0.0064285,  0.1091100 ; 
    0.0061908,  0.1035800 ; 
    0.0064285,  0.1091100 ];

chi_lib = repmat([1.0, 0.0], 8, 1);

Sigma_12             = [0.017754; 0.017621; 0.023106; 0.017101; ... 
                        0.017290; 0.017192; 0.017125; 0.017027];

sigma_s_lib          = zeros(8, 2, 2); 

sigma_s_lib(:, 1, 2) = Sigma_12; 

region_materials = zeros(17, 17); 
region_materials( 1,:) = [0 0 0 0 3 3 3 3 3 3 3 3 3 0 0 0 0]; 
region_materials( 2,:) = [0 0 3 3 3 4 4 4 4 4 4 4 3 3 3 0 0]; 
region_materials( 3,:) = [0 3 3 4 4 8 1 1 1 1 1 8 4 4 3 3 0]; 
region_materials( 4,:) = [0 3 4 4 5 1 7 1 7 1 7 1 5 4 4 3 0]; 
region_materials( 5,:) = [3 3 4 5 2 8 2 8 1 8 2 8 2 5 4 3 3]; 
region_materials( 6,:) = [3 4 8 1 8 2 8 2 6 2 8 2 8 1 8 4 3]; 
region_materials( 7,:) = [3 4 1 7 2 8 1 8 2 8 1 8 2 7 1 4 3]; 
region_materials( 8,:) = [3 4 1 1 8 2 8 1 8 1 8 2 8 1 1 4 3]; 
region_materials( 9,:) = [3 4 1 7 1 6 2 8 1 8 2 6 1 7 1 4 3]; 
region_materials(10,:) = [3 4 1 1 8 2 8 1 8 1 8 2 8 1 1 4 3]; 
region_materials(11,:) = [3 4 1 7 2 8 1 8 2 8 1 8 2 7 1 4 3]; 
region_materials(12,:) = [3 4 8 1 8 2 8 2 6 2 8 2 8 1 8 4 3]; 
region_materials(13,:) = [3 3 4 5 2 8 2 8 1 8 2 8 2 5 4 3 3]; 
region_materials(14,:) = [0 3 4 4 5 1 7 1 7 1 7 1 5 4 4 3 0]; 
region_materials(15,:) = [0 3 3 4 4 8 1 1 1 1 1 8 4 4 3 3 0]; 
region_materials(16,:) = [0 0 3 3 3 4 4 4 4 4 4 4 3 3 3 0 0]; 
region_materials(17,:) = [0 0 0 0 3 3 3 3 3 3 3 3 3 0 0 0 0]; 

assembly_size = 23.1226;   % cm 
