% Mat1D1gTransComp
G = 1;
D_lib = [1.446; 0.776];
sigma_a_lib = [0.0077; 0.0244];
nu_sigf_lib = [0.0; 0.0260];
sigma_s_lib = zeros(2, 1, 1);
chi_lib = [1.0; 1.0];
beta_prec = [0.000247, 0.0013845, 0.001222, 0.0026455, 0.000832, 0.000169];
lambda_prec = [0.0127, 0.0317, 0.115, 0.311, 1.4, 3.87];
v = 1.25e7;