% Mat1D2gTransComp
G = 2;
D_lib = [1.5, 1.32; 0.4, 0.2772];
sigma_a_lib = [0.01, 0.0026562; 0.085, 0.071596];
nu_sigf_lib = [0.0, 0.0074527; 0.0, 0.08391];
sigma_s_lib = zeros(2, 2, 2);
sigma_s_lib(1, 2, 1) = 0.02;
sigma_s_lib(2, 2, 1) = 0.023106;
chi_lib = [1.0, 0.0; 1.0, 0.0];
beta_prec = [0.000247, 0.0013845, 0.001222, 0.0026455, 0.000832, 0.000169];
lambda_prec = [0.0127, 0.0317, 0.115, 0.311, 1.4, 3.87];
v = [1.27e7; 2.5e5];